../../../../../.git/annex/objects/1x/PV/SHA256E-s5829--b5b6e64cabb2e22d208a4f90f3a2ec3b5b4bb79c8e3209e2ad23198677ccc45c.csv/SHA256E-s5829--b5b6e64cabb2e22d208a4f90f3a2ec3b5b4bb79c8e3209e2ad23198677ccc45c.csv