../../../.git/annex/objects/z8/F4/SHA256E-s34379376--b96cdfd293b0582012908e46802a9f639526198b1c15363662525300ce1925b8.csv/SHA256E-s34379376--b96cdfd293b0582012908e46802a9f639526198b1c15363662525300ce1925b8.csv